城市	采矿业	电力、热力、燃气及水生产和供应业	房地产业	建筑业	交通运输、仓储和邮政业	教育	金融业	居民服务、修理和其他服务业	科学研究和技术服务业	农、林、牧、渔业	批发和零售业	其他	水利、环境和公共设施管理业	卫生和社会工作	文化、体育和娱乐业	信息传输、软件和信息技术服务业	制造业	住宿和餐饮业	租赁和商务服务业
南充		5000	5861	14268	6927	5348	7649	5235		4931	6454	6340	6000	10216	6235	4925	7185	4880	6755
青海														3000					
漳州	12500	3315	4936	12386	4019	4679	7775	4894	3000	6358	6770	7186	12000	19291	4869	6019	5582	6926	5466
清远	7800	8680	6087	7264	4510	6206	13137	4961		9857	4875	7402	9500	16114	9729	5232	6055	5357	3833
福建												12500					5000		
黄南	12250		3000	4000	7714	7000	6850					10031		14583		5485	4384	9000	
永康	1000	6636	8935	7000	4816	6770	7836	5692		3000		7453		17826	3941	7829	6887	8400	5723
乌审旗	4717	7000	5736	9000	7068	7074	6285			5100	5000	7624		24166		5921	5488	8764	6555
莆田	12500	3750	5543	9918	4581	4176	7401	6187		3000	5304	7201	12619	17569	5035	6515	6564	6484	4776
佛山	4045	6018	6509	6803	4753	5925	9236	4348	6838	11802	5619	6105	7846	8306	5605	6082	6099	4618	5590
海宁	1000	7428	6128	11000	5741	5054	8180	6629		9000	3833	7370		21477		6967	5964	8560	5857
伊犁哈萨克自治州	1000		9625	7000						3000		6231		14277		6000	5000	8000	
匈牙利																12500	5000		
石河子	5000		7000	8307	4600	5388	8573					6705	7000	14535	4000	6483	5226	4850	5000
张家港	10300	5108	5678	7889	5831	6625	7928	3666	17500	5778	7907	6638	6730	12257	4761	6797	6490	7387	6765
塔城	5000		7000	9566		4455	3090					6750		12670	5000	8846	4818	7000	
巴基斯坦					9000							7000					10000		
香河	5000	6500	8177	9202	6978	5218	5309			3979	3545	6799		5588	5666	6736	6703	8211	6292
鹰潭	3000	3000	3711	5810	6339	4934	12333	4866	8500	4500	3000	6946	7000	12345	8142	6069	6102	8967	5880
三亚	1000		5066	8877	6369	5402	7229	5770	3638	3468		6702	3240	15895	7166	7439	6911	10420	7529
海口	2857	3695	4504	7624	6040	5462	8202	5091	3555	4583	6071	6608	5590	10406	4903	6071	5376	11276	6067
河北												9000							
德州	5702	4536	7174	6655	5743	5274	7154	6846	5642	5364	6685	6227	9153	8490	4495	5452	5985	6660	3829
鸡西	7666	3000	10956	14579	5511	6550	5244	6833		4133	5000	7837	3000	15580	6520	4980	6934	7257	7293
东阳	1000	6666	11906	8250	7243	5338	11755	6200		3000	3000	8000		18080		6762	5771	8125	5609
宜宾			6043	15487	8179	5488	8540	5769	7000	8294	5606	6661	7000	9006	6263	6078	8933	7284	6915
安阳	4230	3086	6437	5732	5691	3646	5951	3910	6000	4628	5040	5667	4000	8674	4173	5209	6657	7039	4231
松原	4142	3000	5364	6704	4799	6440	8746	4142	3000	6519	4574	6379	7411	10168	8200	4782	5674	5545	7187
通辽	5637	3000	4223	8336	5283	5755	5914	5000		3662	5105	6455		7537		6228	6540	5880	6500
意大利					9000							18437				3000	8125		7000
呼和浩特	5738	8196	6929	8002	6190	6400	6598	7669	3888	7079	5437	6571	7031	7952	4156	5870	6476	8661	5637
黑河		3000	13324	21000	5500	7550	5885	4000		3750	3942	8070		16461	5000	5296	6476	6828	8315
榆林	9276	4714	4819	8326	7702	8716	9061	3303		5794	4606	7203	3090	7231	4000	7079	7496	9282	7527
茂名		5666	6406	10225	4276	6150	12757	3666	6043	17500	5000	7777		15792	4500	6011	7378	5616	5044
阿拉尔	5000		7000	8000		5482						7380		20234	5000	7193	5000	7000	
楚雄			6136	9394	9000	3986	13417	3000			8875	7529	7666	8841	3000	5523	7106	8482	3000
新疆												5117		3000		17500			
厦门	8208	4735	6731	7138	4807	5553	8680	5461	5948	4959	5916	6045	8875	9952	5770	7021	5193	5971	5196
宿州	1250	4666	7564	8858	7610	5037	6351	5222		5227	14750	6995	9000	10202	7125	5527	7557	5871	5976
阿坝	5000	5000	7538	19244	5952	4545	6870	9000		5000		7548		9697	5090	5806	6247	9263	8181
永嘉	1000	6714	12181	4666	7279	6377	8817	6066			3000	8652		35287		6174	7140	8625	5000
南宁	4548	4957	5502	6390	6726	5292	7152	4981	4611	5613	5773	5848	5732	9109	4735	4999	5297	5745	4975
文山			5121	6094	6000	4250	7609	3000		3000	5000	7099	8000	9358		4917	6521	7737	3800
海北	12250		3000	3000	8485	7000	6581					10352		13888		5496	4416	9000	
揭阳		6142	6868	10600	6455	6397	12899			7826		7629		17435		6607	7724	5114	3316
伊春	5000	3000	11694	20076	6483	8776	6293	19666		3620		8442	3000	20939	5000	5401	7134	6892	7791
三门峡	3000	3000	6756	6642	7669	5000	8567	4684	6000	7000	13250	7777		8570	3000	5775	7806	9242	3723
沙特阿拉伯	12500			11468	10300							9375		25000		5166	10666		7000
儋州	1000		5000	10543	2863	4360	5083	4000				7527		5953	6333	5761	4461	9000	25000
柳州	12500	3000	4450	5980	7008	4862	7156	6178	3250	9571	7554	6008	3400	10885	3260	5048	5704	5687	4129
东莞	6040	7379	7275	7806	5162	5938	8947	5968	5571	11626	7000	6477	7432	9915	6859	6983	6367	5435	6488
迪庆			11833	10650	8000	4384	9163					7947	9000	12944		4951	6064	8820	3000
三明	6363	5000	4644	6071	5627	5080	8816	7352		4500	4925	7438		16335	5848	5651	5475	5952	4795
周口	3000	3000	4577	8546	6782	4751	6768	5627	7000	5107	3750	6681	5000	8404	6729	5145	7086	7142	3879
靖江	5000	4444	7702	8277	6388	5690	11287	8600	7000	9500	9000	7518	6142	15455	3000	7678	6344	10195	8046
塞内加尔	1000			12500													5000		14275
云南												1500							
德宏			9125	11250	3000	6194	9404			3000		7832	9000	10344		4758	6647	8280	3000
吕梁	7705	3000	4181	11848	7429	5429	7753	4990		3000	11333	7297	9000	9241	5000	6011	7973	8912	11916
上饶	10491	4885	7711	8428	6423	5447	8513	4728		4333	6217	6094	6640	10212	6161	5600	6019	6796	5404
捷克																	5000		
安康	16538	3000	4369	7843	6669	5319	8764	3363		4900	7700	6859	3000	7954	7857	6743	7461	9516	8474
海南												12065		5000					
玉溪			4105	8385	5960	6000	12234	3500			9000	7668	8000	11390		4909	6858	8481	3903
印度				3000	5000							9818				20833	5000		7444
乐清	1000	6108	8714	7363	5203	4907	7786	5869			7000	7052	12500	19435	3210	5975	7473	8431	3727
保亭	1000		4368	6647	3000	13750	9500					7941		10125		5450	7000		10857
武汉	5419	6126	6303	6573	5876	5227	7304	5864	6313	5417	5164	5607	5888	7017	5024	6036	5172	5146	5267
池州	4690		10803	9451	7839	4476	6883	5000		8714	3000	8601	3000	9268	7147	5920	8289	5697	4217
襄阳	1000	3000	7818	7111	6934	4068	7008	5434		8312	6151	6551	4000	13330	5580	5636	6810	5454	5527
开封	8824	3000	6010	6124	8170	5196	7841	5475	5500	5076	7378	7327	3000	10005	5312	6125	7372	8633	7698
马来西亚	17500			17750		12500										15363	5000		
内江		3000	5655	19345	6640	4414	5440	6000	3588	5000	9000	7057		9437	8555	5630	9410	7942	6815
余姚	1000	6666	7615	8416	6582	5364	10239	5666				7842		15595	11708	6510	7121	8595	3461
萍乡	5000	3000	4885	6483	7765	5165	11326	5148		4200		7044	6818	12971	5000	5497	7565	9888	3567
临沂	3818	4011	5695	5918	4828	5206	7131	5625	6377	6756	5461	5813	7401	7213	5587	5180	5857	5488	4092
淮南	1200	5000	8233	7203	8086	4311	6814	5969		3428	6142	7503		10226	4153	5969	8131	6759	4032
朝阳	3500		5895	11505	8621	6736	5956	6313		9388	6040	7042	26545	10073	2240	5180	6230	8494	8353
随州	7000		8156	6436	7834	4234	7489	5000		8663	4846	7001		14376	6000	5371	8581	10333	5690
陵水	1000		10602	13000	3000	3000	5000					7592		12500		5044	8333		23000
湘西土家族苗族自治州		3000	6727	5333	5500	9000	12500	3500		4000		6449	5000	18900		6227	5800	7000	4000
定西			3000	8882	6061	10250	6689			3000		6910	3000	12065		6329	5653	9041	3576
以色列																	5000		
克孜勒苏柯尔克孜自治州			7000	9000								6357		18200		9000	5000	7000	
临沧			5000	11027	5083	6650	7825					7842	9000	11105		4824	9745	8161	3814
吐鲁番	5000		6000	7950	17500	5344	12355					7787		12540	5000	8054	6271	7153	
金昌				10125	9108	10065	6568	3000				7872		15257		6517	7782	9150	5000
兰州	5066	3695	6305	7111	6395	5192	11303	6040	6272	6682	5105	5924	10592	8352	4014	5053	6059	9076	5036
大兴安岭		3000	35157	19133	7241	8151	6281	8250		3333		8096		20716	4500	5493	6764	7097	10000
宁夏												5000		3000					
加纳				50000	11387							11152				17500	7666		
遵义		2628	6384	9699	6664	7020	10473	3905	3000	4873	5000	6580	5000	12082	6347	6293	6860	6616	4841
泰安	3487	5509	5822	6340	6849	4877	6861	5147	5826	5579	7060	6448	17500	8452	5205	6404	6912	7256	5826
南通	7468	4739	6482	7972	5809	5215	9304	5795	4529	7430	6088	6421	11575	9387	4360	6026	6155	7537	5639
淮北	1687	5000	7023	7933	7623	5008	8101	4157	3000	5010	7000	6888		8527	3400	5126	7936	7104	3687
凉山		3500	5125	19190	7558	4291	6932	6000			9000	7548	3682	10212		5864	7252	8108	9558
西双版纳			7625	14226	4037	3885	5996	3000		5000		7130	8071	9790		4159	6562	7680	3222
金湖	5000		7585	12528	8292	6149	12110	2500				8221	5266	20111		7780	6629	11305	10225
景德镇		4200	5105	6290	7751	5448	12133	4647	17500	4500	5880	7059	7000	11298	3333	5842	7745	8653	6754
贵阳	10982	3666	6594	7582	7680	5811	8608	5199	4458	5941	5729	6063	8252	9354	4932	5658	6106	7364	5214
安哥拉		9000	9000	11666	7500					1000		9900	17500			9000	9215	11125	12457
贵港		4333	5941	6671	5504	5646	6822	3000		11111	1500	7024		15549		5667	9496	5912	3333
常州	4777	5623	5437	6822	5499	5434	8440	5445	4700	5290	6194	5939	7301	7182	6634	5763	6004	5823	6025
晋江	12500		5815	4719	5802	5086	8962	6281	12500	3000	4750	8073		15431	7277	6795	5346	4948	4057
海北藏族自治州				9000			7000					6637		17000		5800	5000	9000	
五指山	1000		5045	9723	8750	4285	26272			11662		8966		12500		5814	8049		25000
贵州				5000								4000							
荆州		3666	6431	9859	7468	4229	6758	6157		5881	5036	7499		9856	4166	5977	7597	9950	7470
扬州	10500	8190	6145	8231	5474	5096	8298	5779	3000	10287	4697	5947	7410	8675	3897	5091	5777	5974	5241
恩施	5000	3000	6893	7988	6509	4514	9089	3000	7000	9222	5666	7096		8247	5600	5224	8005	7965	7232
肇东市	5000	11191	23562	7380	5511	8739	6728	3000		3689		7470		15886	4333	6057	8744	7303	4851
林芝			9769	5321			7000					8213	7000	30843		5995	5000	7000	4852
四平	5686	3000	4286	6502	4331	4730	7846	5727	3000	11450	6418	6516	8333	9928	6777	4616	5982	6351	5110
巴西												9714					5000		7000
攀枝花	17500		6888	17959	8440	5383	10281	7500		4000		8519		9967	8555	6058	8873	8500	9500
澳门				35258	11593	11257	19866	10615		12500		13349		25000		12356	11923	21097	6032
赣州	7000		4752	4774	7025	5118	9177	4400		4052	4492	6646	7000	10383	7705	5929	6359	10017	6541
威海	4750	4282	5323	7339	5125	5353	7094	6928	6032	6471	5579	6532	13529	7850	4115	5677	6136	6194	5045
荆门	5000	5289	9803	11212	7692	3399	8289	4000	40000	6098	4896	7901	5000	13148	5906	6383	7152	7907	5750
广西														12500					
乌鲁木齐	8723	10000	7516	7916	5264	4928	7354	6242	5459	6700	6046	6265	5396	9298	4438	5999	6810	10196	5554
太仓市	5000	5078	7101	8173	6144	6632	10500	5000		6560	8200	6626	13250	10606	4578	7887	5925	9080	7755
坦桑尼亚	1540			10586	20833							11520					7945		9000
甘肃												5000							
比利时																	5000		
玉林		3000	6207	7246	6020	5575	6555	3000		4760	5857	7106	5181	12585	3210	5238	7606	6688	4803
衡阳	3000	6968	6763	7551	6946	4332	6523	3736		4172	7842	6238	6579	10606	3451	5883	7194	7610	5435
江阴	6714	6000	6738	6894	5249	5542	8795	4562	5095	5086	3800	6755	18108	13023	8567	6552	5691	7035	6135
美国			26875	25000	1500	16110	33833		17500			11508		25000	19666	6063	13750	12500	9268
红河		5000	4208	8130	7111	5704	6878	3000		3243	5235	6455	8000	9558		5135	5668	8562	3590
昌图	2777		7976	12233	13649	5751	5921			9583	9000	7527	40000	13879	5000	5644	7360	7629	11772
杭州	4790	8830	7701	7539	5757	6529	9561	6683	8747	5616	5654	6752	9960	8237	7106	8708	6268	6355	6019
临汾		3000	4676	7487	7158	5495	7664	4263		3000	4750	6681	9000	10737	3333	5833	7732	8272	3592
安徽												9000							
安达		3000	17234	21000	5228	8931	6050	4000		4600	3000	7993		14083	5000	5503	4882	7243	8750
青岛	10084	6041	6608	6251	4357	5210	8090	5543	6463	5253	5741	5402	6988	5958	5681	5517	4978	5354	4873
包头	4371	5586	6728	6725	5736	6349	7337	3410	5000	7166	4643	5863	3000	11189	6548	5688	6065	5430	6881
土耳其																25000	5000		
广元			4480	16544	7153	4684	8037	5166		5433	5952	6318		10494	9000	5433	7516	7239	8455
平顶山	3307	3000	7024	8324	7563	4910	7138	5149	7000	8416	4928	7286		7315	4739	5714	7899	7566	5414
宿松	1250		10600	4142	9125	5790	5684	6111		5000		8357		22943	4000	6359	8341	5965	6000
溧阳		3000	7992	10871	6551	5293	9915	5375		11916		7489	5571	19686		7431	6403	11764	9225
仙桃		3000	6843	6988	7362	3956	9106	3000		11166	3153	7169		10045	4777	5531	7157	4550	7633
台州	1000	5928	4609	8862	6384	6531	9999	5958			4071	7333	10217	10989	5916	6478	7091	8573	4322
通州			7666	9915	7891	5754	11650	1500		6406	12500	7701	5933	20518	6333	7065	6468	11075	7955
莱西	4333	3000	9846	7363	5457	5368	7864	15772	9000	8750	5333	7872		21288	3000	5886	7580	6783	3000
甘孜	9750		5509	16031	6805	4446	7034	6000	7000	5000		7800	3181	10473	5000	5730	6323	8717	10948
甘南			25000	11166	9233	5805	6558					7239		10270		5638	5564	9184	5000
龙岩	12500	5000	5644	5131	4460	4308	8391	6565	4800	3263	4250	7646	7000	14407	5875	5828	6442	4912	5634
庆阳	8900			8633	7882	6277	5973				7000	6835		10289		5447	6157	7741	5000
高邮	5000		6612	11072	7061	6113	10611	3000		3000		7416	5666	18627		7384	6110	6395	9891
即墨	4200	3000	7615	5563	5409	5575	7831	14357	9000	10250	4909	6955		20787	3375	5493	7575	6873	3571
中山	4000	6575	7340	7461	4549	5843	9717	3654	5921	9934	6539	6682	9133	12243	5571	6409	6224	5856	7472
保加利亚																	5000		
龙泉	1000	6636	12150	6000	8239	6115	11000	6200				10217		32592		6470	6415	8200	5000
澄迈	1000		7357	6000	3631	4960	3742			3000	3000	6758		12500		6157	4900		16000
普宁		7000	7504	12913	5565	6721	15157			6363	3000	8864		6268		7732	8699	8923	9142
黔东南苗族侗族自治州			7500	7666	7400	9000	5000					6164		8411		5000	3666	9000	
新余	4238	5000	4703	6725	7404	5981	13003	5888		4000	3000	7269	6818	13990	3666	5893	7727	9615	5000
牡丹江		3000	9896	11793	4319	5023	6661	18617		8365	6625	6888	3000	13906	6680	4708	6205	7244	4623
湖州	1000	7528	7477	8434	6136	6236	11235	5000		9727	3741	7642	9611	10024	7052	6025	6736	8567	7455
图木舒克	6857		7000	8612		5400						7195		22240	5000	9092	5418	7000	
南非			9000		9000							18767		25000		17500	5750		12500
湘潭	3000	6090	6657	9147	6941	5858	7000	3790	6375	4111	4919	6939	4090	12706	3954	6337	7202	8668	5633
三河	5000	6750	7621	8068	6764	6838	4732	6000		4154	3615	6799	25000	6903	5666	7283	6840	7251	6630
扬中	4500	5869	6971	9509	7207	5917	11571	2500		11800		7870	5153	19333		8124	6670	11718	10113
科威特																	5000		
印度尼西亚				12500	20000							12464				12500	5000		12500
阿联酋		17500		17100	5857			14764				8742				12000	10000	7000	
奥地利																	5000		
漯河	3000	3000	5377	7146	6723	4196	7208	5247	7000	7450	4928	6533	4538	8831	3000	4793	7201	6252	3653
乐山	5285	3333	6169	16294	6967	5215	7973	3250		5500	5375	6890	3000	9341	7900	6613	8035	8156	7867
淮安	11852	4592	5545	7637	5976	4516	8868	4745	3333	5732	4083	6004	5842	8916	6962	5883	5900	7500	5782
如皋		40000	7618	8954	7815	4018	10423	8275		12500	5000	7385	5142	16205	3000	6231	5981	11843	8539
乌海	6419	5307	6725	6192	5878	11177	5819	50000		3625	5363	6442		12930		5959	5428	17217	7500
桐乡	1000	5695	9600	9057	7196	5653	8733	6200	16250	3923	7400	7138		19750	3950	5305	7415	8431	4500
宜兴	5000	10822	6716	7946	6211	5081	9648	1500	5000	12500	4230	6792	5400	18973		7394	6213	8163	7089
重庆	6203	5366	7132	7670	6757	5803	7914	6908	8398	7012	6806	6294	4839	13343	5856	5932	5801	6457	5916
陵水黎族自治县			4000	12250								7400				5000	5000		
香港			16666	31493	11850	11736	14790	9218		9000		20174		23093		14237	15774	21505	19210
焦作	3000	3937	5491	5826	6482	5290	5605	5018	7000	3296	6950	6962		8975	4208	5071	6621	8602	4112
十堰	5333		7342	6300	6918	3502	6694	4120		12386	5000	8235		11228	5875	5538	8029	8993	5161
石嘴山		5000	3000	9732	6045	8199	5260		3000	7000		7854	5000	19223	3000	5414	4908	8583	3800
文山壮族苗族自治州			6000	6200	7000	7000	5000					6602		12402		3800	5500	7500	
塞浦路斯																	5000		17500
宿迁	5000	5363	7482	7731	6873	6278	8353	3700		4596	6344	6693	6350	11963	7122	5820	6247	6704	5416
合肥	8994	6127	7003	6225	6086	5150	7220	5676	5103	6645	5305	5694	6223	7800	5075	5416	5168	6473	5032
黄冈	5000	11038	5681	7024	7929	5112	8363	3000	5000	10840	5111	7081	3000	11502	7000	6251	7609	8000	6586
孝感	7000	4090	5358	6790	6451	4451	7111	4016		10246	3866	7302	4333	10365	4793	5310	6444	5096	4778
果洛	12250		3000		7000	7000	6250					10317		14120		5529	4428	9000	
成都	8655	6144	7213	7575	5461	5833	7450	5633	9597	6344	6112	6064	8467	7922	5989	6624	5401	5380	5742
海西	10500		3000	7500		4857	5000					8957	17500	13226		5479	4306	9000	
文昌	1000		5383	9083	3558	6818				7000		6790		11750	4000	6526	5078		17666
德宏傣族景颇族自治州			6000	11333	7000							9047		13409		3222	5500	9000	
绥化	5000	3000	8878	13000	5475	7237	5443	5458		4000	28100	7314		12241	6142	5414	5998	5956	5077
温州	6473	4142	7387	7526	5255	6978	8446	5886	20000	8000	8348	7070	10989	8799	6114	6372	6192	8045	7009
延安	10660	5400	4795	8844	7037	5361	9818	3300		6725	8645	7283	3153	9429	5000	6848	7224	6486	6800
晋城	6045	3738	9822	10263	7881	5010	7925	4194		3000	4316	7198	6333	12876	5170	7166	7832	15672	4234
邵阳	6666	5080	6713	6768	8293	4662	7199	4202	3000	4000	3800	7137	4454	9871	4083	6552	8212	7721	5716
鹤壁	3333	3000	5633	6914	6976	6000	6587	5310	7000	3170	9000	7870		8858	4538	4833	7291	8425	4118
桂林	5000	3000	4734	4650	5805	4139	10305	4847	3222	5213	4105	6019	5000	11908	4727	5147	6264	5103	4361
义乌	1000	6692	17734	7827	5767	7374	10000	3780		8239	3946	7222	12500	13142	5128	7489	5694	8121	6418
博尔塔拉	4000	10333		8580		4684	3000					7186		15984	5000	7263	4800	7000	3000
承德	6034	6236	5565	7410	7263	6379	6507	5000	5000	3941	3900	6582	3380	7311	5571	6371	7181	8429	5913
日照	9037	5531	5645	6595	6100	4887	7299	6386	7000	5473	5527	6806	15289	8326	4114	5663	6910	6806	5619
晋中	2718	3000	5303	7122	6991	5059	4863	3637		7456	4204	6373	9000	10830	4323	4967	5984	6776	4912
屯昌	1000		3000	5000	3000	9166	9500					7889		12500		5656	7000		25000
怀化	4000	5142	6844	8383	6150	6311	6449	4069		6636	7583	6391	4428	12148	1000	5980	8027	10329	6760
潮州	3000	7800	8024	13046	5275	6462	15940			40000	3000	9400		21149	7261	7162	8400	8535	6860
昌吉	5000	3000	6000	7622	4442	4411	9101			5703		5699	5000	11385	5000	5926	4767	5696	10069
常德	3000	5846	8138	9424	7101	5647	7342	3711		8257	7250	6424	4714	11804	3273	6086	7576	10360	4545
城阳	4333	3000	11214	6897	5746	5204	7470	9545	9000	9083	5352	6936	5000	19916	3000	6449	7475	7459	4696
许昌	4090	3000	4988	6009	5995	5380	6898	5122	5666	5479	6300	6638	5000	9160	8193	5322	9724	6503	3714
福州	7015	5156	5736	7274	4594	5519	7154	5167	5636	4889	4916	5647	6170	8282	5705	6200	5097	6086	4938
烟台	10282	5387	5918	5593	4367	5122	7490	4917	5776	4091	5061	5465	6036	7304	4117	5138	5200	5334	4716
三门	1000	6692	12150	6000	8237	6106	10882	6250			9000	9220		34338		7030	7253	8300	5000
黔南布依族苗族自治州			3333	7000	6200	6000						6282	5000	8857		5400	3730	7500	3000
抚顺	4000	4600	5330	14167	6146	4801	5180	6455		8545	4447	6264	29909	10291	5350	5922	5625	6419	5646
济南	5574	5457	6200	5667	4501	5319	7644	5597	5296	6134	5340	5435	6371	6389	4792	5638	4835	5548	4573
楚雄彝族自治州	3000		4750	9500	7000	3750					9000	6467		13517		6000	5333	6000	
海南藏族自治州				9000								7946		17000		5800	5000	9000	
广安	12500	3000	5612	11240	7223	6370	7672	6000		3823	7000	7179	7000	8979	9000	5569	7857	8596	9852
山南				8214	5000		13000			7000		9293	7000	24347		6204	5000	7000	4940
镇江	6000	5480	5513	7969	5855	5507	10869	5589	4130	7505	4090	6546	7011	9423	4266	5824	6064	5970	5907
潜江			8075	7610	7208	4652	7790	3000	5000	10588	3875	7587	3000	9803	7000	5446	7593	10312	6317
石家庄	4485	4463	6847	5650	4278	4793	6381	6189	8582	4937	5712	5337	5692	6752	4515	5044	4775	5470	4688
张家界	3000	5153	8375	9255	7862	6340	7274	4797		3800		7458	4500	15730	3956	6383	7614	6962	5625
大理白族自治州		3000	7750	6000	4200	4000	17333				5000	6349		11783	7000	5769	5200	7000	3000
尼日利亚	6500			19740	11148					12500		12899	7000	15500		11916	10112	7454	9000
肇庆	12500	4423	6833	7163	4878	4891	13065	4451	5000	14941	4600	7469	6666	18903	4687	6279	6645	4940	5091
信阳	3000	3000	6703	6160	7026	4855	6367	5328	7000	3886	7132	6928	5000	7747	5916	5861	7444	7268	4982
龙川		7333	8208	11913	4930	6630	15083			40000		10525		5695		7556	9287	9142	8222
嘉善	1000	5800	9047	5574	7289	6088	9820	6176			4040	8159		16968	3000	5974	6614	8645	14583
江苏			5000									3000				1000			
太原	7413	5506	5765	6322	6075	4975	7214	5218	4454	5275	4939	5321	6631	7402	4641	5193	5398	6880	4765
辽源	4625	3000	7077	6734	3681	6418	9640	3982	3000	6058	5756	7451		10617	9875	5712	6372	8700	7650
齐齐哈尔	5000	3000	7737	9019	5295	6371	6967	12240		5450	2772	6477		13067	5800	5690	6803	8990	5660
双鸭山	9000	3000	17638	12030	6728	7644	6194	3000		3086	5000	8541		16454	5000	5511	6739	5707	5558
苏州	7161	5606	7792	7233	5963	5726	9189	5074	7745	6244	6725	6336	11426	8028	5828	6666	6275	5462	5542
新乡	3250	3545	5982	5997	6183	4492	6339	5100	3121	4142	6532	5957	15357	8184	3609	5801	6118	6588	4466
永州	3000	5153	8773	8588	5925	4846	7593	3661		4714	3666	6735	4666	10753	3486	5585	7753	8625	4513
昌江	1000		3400	4125	3000	9714	7571					7963		12500	3000	5957	4600		25000
衢州	1000	6793	7447	6254	5799	5831	10247	7352		7411	5000	7771	10955	12216	4000	6919	6679	10148	5466
埃及																40000	5000		
盱眙			8102	13411	8987	5960	11923	3000		12500	3000	7567	5285	20546		7094	6465	11566	10590
汕头	3000	10222	11286	10824	5288	7189	15029	4875	3000	40000	3282	7594	25000	11893	4587	5737	6892	12257	5441
诸暨	1000	6666	8255	12888	5546	5870	7687	6333		3068	8040	7636		21514	5100	5889	6879	6581	3761
甘孜藏族自治州			5000	5000	5000	5000	7000					9656	3000	8958		6200	3000	9000	5000
聊城	4000	5045	6420	6527	5606	5086	6877	7689	4928	4700	4652	6386	16264	7799	4698	5714	6471	7124	5135
温岭	1000	6600	5578	5500	7688	5796	12664	6066				7848		25791	4866	5957	5761	7458	5722
和田	5000		4600	8363	17500	5482	3000			7833		6758		14759	5000	8985	6670	7000	3000
日喀则	12500			14083			14200			4710		8166	5250	20655		6133	5000	6555	4934
娄底	4833	5153	8226	10200	5096	4788	6294	3706		3500	5000	6662	4200	12916	1923	6205	8240	10279	3782
黔西南	17500	3000	13057	9858	5611	8735	12089			4142		6620	6281	13205		6814	7860	6674	4000
洛阳	5523	3465	6922	6264	6027	4767	7367	5975	6857	3913	5227	5447	3666	7329	3961	4701	5757	5819	4403
台山		7000	8171	6590	4645	6492	13916	3000		5176	3000	9169		6241	5000	6799	7996	9090	4700
防城港	3000	3000	6119	6165	6106	4654	6967	3000		11833	9000	7700	3000	17412		5046	5441	7833	3166
临高			3666	4000	3000	6200	19000	12500				7681		12500		5896	3888		25000
泰兴	5000	6250	6643	8892	6516	4199	9069	5000		8444		7236	5333	16384	9000	7233	6024	14880	10100
咸宁			4621	7006	8273	4286	7002	5666	3000	10258	4866	7432		11755	7000	5636	7991	10355	4423
盘锦	2600	3210	6485	9573	7305	5736	7047	3608		8595	5357	6841	25923	10913	7928	5333	6517	5455	5761
葫芦岛	1000		7869	15110	8084	5233	5808	16809		8944	8062	7643	40000	11854	3375	5079	7652	6046	7660
钦州		24830	6911	5447	4545	5263	6848	5000		9975		7179		13697	5000	5271	8375	7073	4636
崇左		3000	9000	11312	5188	4764	8102					8653	7000	14982	5000	5122	8958	8157	3444
西昌	3000		6103	18942	7679	5191	6696	6000	3000	5000		6873		8305	5000	6090	6916	8961	9196
江门		5518	6492	6519	4547	5771	12471	3400		13115	5888	6871	18950	11913	5178	5644	6251	5361	5327
五家渠	5000		7333	8542		5285				5000		6979		20000	5000	6795	5352	7000	
商洛	15714	3000	5214	6573	6219	4439	8002	3250		5261	6666	6972	3000	8401	4000	7207	7187	8545	7396
胶州	4200	3000	10983	5619	4988	5196	8118	10450	7000	8562	5121	7298		18825	3800	6482	5900	6508	2038
定安	1000		10461	8500	3000	7727	17000					7139		9909		5857	5444		25000
辽阳	1000	3000	4797	9219	6910	4901	5335	6916	6155	5178	5478	7083	26545	13474	8297	5242	6493	7785	5957
西平	3000	3000	6312	6980	7184	5782	6052	5732	6000	5000	17500	7967		10820	4500	5820	7917	9120	4000
国外	17181		16157	12973	11375	6575	24596	5000		10972	9000	10633	18432	13690		20265	13125	8878	12222
句容	9000		7079	8992	6431	5016	11215	2666		7812	3000	6970	5153	19180	3000	7783	5943	6894	9027
衡水	5000	5636	6113	6573	5072	6422	6921	5000	6600	5541	4272	5691	5000	10339	3800	5439	5779	8236	5257
吉安		7500	6451	5805	6813	5765	7997	4652		4200	3571	6400	6724	30892	4000	5892	6040	8845	4500
固安	5000	6214	6807	10259	7011	5439	5627	5000		4530	5000	6964		5606	5000	7148	6680	7560	6678
马鞍山	5000	4611	6025	7875	7247	4747	8587	5481	3000	6750	6000	7144	9619	9994	5322	5177	7519	6244	5500
阿尔及利亚				11333								16500				26500	9642		9656
固原			3000	8603	8139	7770	5636	3000			9000	8090		17810	3000	5719	7601	8712	3000
乌干达	7000			18976	7000							8000					6750	17500	7000
郴州	4554	5047	7006	7986	5152	4742	6780	3923		3666	7000	6292	8833	10652	1769	5089	7180	9285	5473
遵化	4600	6387	5514	7317	7497	5504	6768			4000	5000	7102		5808	5500	7391	7925	8190	7622
瑞安	1000	6666	11035	10500	6168	6145	8108	6142			3923	8046	12500	25110		5926	6683	8180	5000
宜城	1000		17500	8080	7962	4200	8844	3000		12230	5000	8637		5853	7000	5615	8444	10214	7458
尚志		3000	19688	12538	6720	6048	6672	3000		3461		8161		18415	4000	5384	4224	7742	6058
伊犁	5000			8862	3000	3185	17681					7579		11370	5000	7273	6303	8280	
黔南		3000	6075	7511	5363	7852	11500	7750		3812	5000	6590	6500	8244	3000	6485	5158	6320	3292
本溪	6812		7080	11317	8254	4769	4783	12142		6590	7318	7170	40000	10689	2900	6038	5931	8150	7286
锦州	2166	3666	6194	7016	7052	6054	5549	9895		8055	7444	6817	18611	10316	3636	5258	6068	6015	6206
泰国			40000	14666	5000	5000						15853				25000	7964		5000
大庆	4854	10541	7981	6558	5893	6584	7701	11500		3580	4555	6524	3000	12584	6666	5504	6747	7882	5289
其他	26320	15781	30357	12987	11828	5250	25267	14500		11692		13019	17500	15600	15576	19751	13888	14879	15401
胶南	4200	3000	6330	6047	5857	4710	9925	12733	7000	7750	5400	7573		21242	3000	5833	6343	6840	3285
加拿大					7000	12500			17500			17500					10608		
商丘	4055	3000	5647	6990	7558	4744	7182	5465	6000	6184	6234	7419		7330	4333	5705	7547	8798	8716
天水	3000	3000	3083	12746	6221	9573	12538	3000		20000	4875	6938	5000	10823		5741	6407	8425	5800
绍兴	1035	9200	5730	8790	5643	5852	11045	4700	6833	6247	7141	7052	9750	9123	8333	6457	7064	7624	7691
肥城	4200	3000	8322	7357	6053	5666	7005	13750	9000	3666	5235	7662		20814	3250	5796	7730	7479	3333
黄南藏族自治州				9000			7000					7395		17000		5800	5000	9000	
怒江傈僳族自治州			9000	9000	7000							7064		16071		5000		9000	
海城	2333		6916	10941	11913	5901	5912	6000		9875	9000	7532	40000	14122	5000	5160	6864	5126	7546
六盘水	8861	3000	7822	6890	8460	7432	10721			5628	7272	7346	5000	12335	7000	6530	6899	6615	5400
新加坡			7000	23333	12500	5681	17500	9000		12500		12983		24250		17500	9989	8666	
济宁	4090	5685	7015	6377	5571	4834	6276	5833	5521	5012	4690	5591	12734	6807	5169	4895	6291	5605	4179
湘西	3000	4076	7792	7704	4073	4787	8155	3615		5066		6581	4142	13066	1000	5797	5610	6257	3800
芬兰																	5000		
荣成	4333	3000	7632	7204	5336	6076	7341	15000	9000	5285	5222	7474		18480	3000	5821	6934	6820	5375
吴忠		3000	3000	5359	6986	7811	5705			3000		6695		16659	3000	6065	5782	7676	
金华	1000	14641	6861	6410	5945	5703	10416	4496	3000	5652	6170	7144	9986	11876	4864	5471	6163	8115	5899
无锡	4727	6488	6481	6686	5148	5408	7231	5814	9830	6673	5653	5948	9096	8163	5086	5905	5729	5649	5066
雅安			5163	20606	7482	5111	6630	4354		3285	7000	7467	3000	9637	8428	5898	6982	7921	10578
亳州	1285	3400	8161	6798	7298	4806	7610	4200		3000	4846	7217		9977	6894	5821	7142	5153	3457
兴城	1000		5654	11475	10732	5640	5794	6000		9437	9000	7821	40000	13473	4000	5340	7535	7885	10326
临夏				6214	7153	7807	6394			5000		6816		10362	3000	4851	5149	8365	5000
公主岭	4212	3000	5406	8194	4460	5256	9975		3000	7794	5000	6696		9420		6018	6571	8000	4142
邢台	5914	4718	5416	6329	5518	5086	6238	4227	3666	4053	4272	6071	5437	8932	5634	5441	6353	6016	4773
廊坊	6588	5360	10007	6670	4841	4917	7375	5456		5709	6419	5866	4170	8046	4718	5751	5667	6058	6426
湖北				6846								5000							
昆明	3922	4890	7311	6809	6424	5581	7687	5775	5887	6519	5627	6006	5837	9168	5812	5584	5488	6553	4970
深圳	8630	7166	9343	8279	5793	6988	10469	7937	8664	6643	5431	7732	9828	7905	6751	8860	6529	5915	6556
宁波	5788	5428	7824	8698	5789	6209	9876	5854	6397	6539	6691	6937	8465	10188	5589	6662	6424	8488	5487
泉港区	12500		3887	6224	4344	5369	10647	5181	3000		4818	9346		12825	4100	7619	5655	4333	5666
开平		6666	8198	10785	5272	5625	12761			5846	3000	10114		7363		6917	8267	8458	6608
西班牙					9000							5750					5000		
简阳			4257	15583	6388	4971	6670	7000				7482		8768		5748	7835	8275	10296
东营	3991	7571	7319	6125	5465	5794	8444	5408	5758	6707	5823	7140	10804	6847	4569	6289	7042	8398	6514
丹麦												25000					5000		
邯郸	4421	5861	6322	7072	6950	5073	7443	8463	5533	4936	5257	5755	3000	7709	5531	5366	6197	7719	5134
绥芬河		3000	32684	27222	4400	8245	6420	22346		3000		8419	3000	17862	4500	5604	5296	5954	8777
运城		3848	4678	7532	7600	3797	6948	4570		7363	3984	6402	3833	11381	8333	5818	7346	7320	5617
黄石		5000	6696	6398	7035	4662	8107	3000		5438	4764	7035		9927	4760	5919	7991	8830	5223
乌克兰																	5000		
琼海	1000		6986	7861	6367	5666	6000					8110		8611	7000	5611	5182	3000	25000
昌吉回族自治州	3000		5000	8428	3000	3000				5666		4810		14545		4714	4454	5000	4333
挪威						25000											5000		
全国		25000		17500			6230					9794							17500
爱尔兰																	5000		
保山	3000	5000	5210	6934	5543	5722	10557	3250				6817	8000	11404	3000	4722	8301	8925	3111
通化	5324	3000	4398	7180	4366	6559	6754	6543	3000	7370	7666	6848		12540	5555	5318	6451	5368	3711
内蒙古														9000					
上海	10065	7187	8514	8467	6463	7496	11700	6322	10252	8282	6953	8099	10253	9536	7755	9460	7390	6433	7361
潍坊	7576	4752	5930	5286	5319	5084	6671	4931	5318	5259	6266	5429	8782	6683	4221	4801	5413	6335	4469
贺州		3000	8760	4926	7261	5208	9660	3000		3000	12500	7693		14182		5203	7226	7763	6636
梧州		3000	8586	6391	5098	4886	12355	4218		9435	9000	7802		14883	3000	6835	8304	7568	3555
普洱			9000	9111	5105	2944	13281			5210		7308	9000	9984		4907	10117	7383	3846
白城	5127	3000	4688	7256	4563	6839	7846	5133	3000	7287		6805		8177	3857	4921	6490	8294	7772
资阳			8541	18935	6466	4224	6307	6000				7111		8605	9000	5879	7674	7287	10090
连云港	7000	5388	5581	8106	6851	5934	9755	4152	4882	6508	5950	6981	7446	8272	4637	5619	6523	10044	6408
曲靖	25000	3222	6060	4615	5447	4757	10167	2750		3000	4300	7870	8000	13358	6846	5345	7502	6427	3697
长治	6000	3000	6409	6570	7816	6366	6906	4238		8294	9000	7081	8000	10848	4666	5852	7829	8803	4401
海西蒙古族藏族自治州				7000								6422		18600		5800	4000	9000	10750
荷兰																	5000		
湛江	3000	8928	7734	9527	5863	5237	13623	4634	5000	12088	4666	7078		13120	4200	5696	7092	3921	5852
哈尔滨	4508	5611	4666	5323	4592	4877	6607	4626	6535	5045	4203	5040	4761	6869	4641	4415	4758	5145	4563
呼伦贝尔	17500	7000	7857	5430	7175	7288	5597	4555		7076	4600	6555		9672		6113	5644	7171	5083
渭南	9500	4600	4513	7858	8234	5890	8383	4346		5210	6422	6624	3153	6252	4500	6050	6651	6653	5585
鞍山	5260	3000	4768	8665	5360	5233	7571	5181		4976	5375	6179	17190	10044	4533	5302	5610	6929	5515
博尔塔拉蒙古自治州			7000	7666								6394		22500		9000	5000	7000	
长沙	7770	7128	6326	6667	5719	5610	6889	5514	6876	5193	5215	5665	6353	8051	5475	6037	5309	4968	5009
甘南藏族自治州				7666			5000					8574		10000		5000	5000	9000	
乌苏	5000		7000	9894	3000	4446	3000			1000		7165		21081	5000	8846	5000	5000	
兴平	14676	3000	4770	9860	6514	5029	12875	3235	17500	5375	3000	6736	3000	11875	3000	8270	6778	9109	8681
中卫			3000	9557	5090	7719	5916			7000		7752		17880	3000	4986	8265	8500	
葡萄牙																	5000		7807
阿里				14083			7000					8974	7000	24739		6055	5000		4935
泸州		3846	8988	17507	6988	4335	8869	6526			4272	7066	3000	11146	7222	5565	8196	7588	6263
常熟		4846	6267	7479	5520	6001	9379	4894	4904	6846	4739	6532	6967	13240	7032	6229	6502	5991	5674
宁海	1000	6714	11321	6000	6049	5656	9136	6250				8983		17967	12500	6592	6698	8476	5700
安庆	1250	5000	6133	8532	7391	5505	7231	5857	3000	4715	7211	7017		10923	6800	5016	7048	6423	3727
临夏回族自治州				7666			5000					7523		12000		5000	5000		
平度	4500	3000	8238	7166	6285	5864	7698	15208	7000	6500	4290	7473		20613	3266	5827	7230	7101	3750
陇南				8787	7948	6000	16203					6782		12729		5621	7831	9145	5000
日本				12717		7750		12500	17500			11500		21250		15666	12669	12500	11009
越南			40000	12500								7916				25000	13500		
黔东南		3000	9463	6775	6132	9046	11803			4352		6347	6500	7770	3000	6393	5470	5893	4764
奎屯市	5000		5666	8571		4581	3000					6405		16216	5000	9145	5000	5000	
菏泽	4500	4388	5206	6713	6502	5838	6205	6846	5829	5829	4045	6331	15300	7697	4632	6155	6812	7104	4284
德阳	4948		4384	13939	7443	4320	6511	5142	7000	8666	7000	6757	5400	8011	3904	5036	6799	8869	6343
铜仁		3000	7377	6868	7684	8923	17893	5000		4035	5000	7152	5000	12182	9000	6353	6579	6142	3620
丹阳	5000	7000	13767	9299	5246	5149	17115	3250		4900	4500	6484	5142	19363	3470	7207	6079	8714	7395
惠?																	5000		
玉环县	1000	6666	6939	7000	7292	5754	11300	6125				9022		19806		5989	6895	8368	4400
广州	7382	6784	8383	7941	5157	6437	9134	5688	6448	7856	4771	6768	8774	8652	6356	7525	5916	5557	5778
德清	1000	6714	8812	5368	6692	5906	11903	6285		9000	3000	9235		14216		6065	8528	8181	4563
阜阳	1250	6333	7068	8767	8019	5690	8169	5207		11250	6605	6920	5000	9503	3131	5197	7282	5083	4577
福安	12500		3800	4580	3448	5297	9275		3000		5000	9133	3000	18548	4818	7675	5396	4600	5000
岳阳	12529	5097	6453	6467	7659	5838	8164	3706		3800	6687	6937	4818	11904	5476	6045	7236	7878	5923
大连	7231	5335	7809	6969	5189	5174	7028	5732	8740	5498	6664	6132	7523	7309	4947	6740	5140	5352	5526
珲春	5714	3000	7200	8770	4000	2500	13058		3000	9000		16484		5088		5423	7750	7000	4600
丹东	2900	6076	4496	6356	5217	4711	7213	15696		6021	8166	6541	40000	10578	5000	4467	6386	7459	6440
琼中黎族苗族自治县			3000	11333								7500				7000			
韩国				25000		8111						31173					10000	12500	8304
白俄罗斯												6142					5000		
冰岛																	5000		
六安	2142	5000	6847	11280	7319	4645	6817	5296	3000	5244	7711	7063	3461	10233	4714	5358	6926	4642	4304
白沙黎族自治县			4818	9000								6666				7000	12500		
黔西南布依族苗族自治州			3000	15714	6000	9000				5000		6194		16382		6600	3400	6333	1000
梅州	10000	4000	8202	9635	6577	5033	12508	3800		20439		7968		16839	7000	6767	8128	5272	4987
海阳	4333	3000	8708	7285	5115	5368	8348	17500	6333	4596	5222	7707		20978	3000	6192	8238	7350	3181
乐东	1000		3000	10125	3000	13333	3000			7000		8134		12500		5125	5666	7000	25000
德国				17500		12500			17500			38214					20454		6025
嘉峪关				8648	9288	8982	9345	3000				9196	3000	17620		5461	8496	9037	5000
沈阳	4875	6804	5608	6656	4712	5439	6385	6051	6431	5052	4921	5342	7338	7894	5024	5407	4863	5627	4669
绵阳		5300	5195	8646	6934	4511	6101	4013	5588	6301	7041	5897	5200	10678	4859	5328	6124	4865	4386
南沙开发区		7000	8125	8325	5487	6066	13911	4000		40000		9472		5700		7117	8755	5710	8550
海东	6086	4000	3800	5460	8818	7400	7235					10141		18711		5134	5848	9000	3000
阿勒泰	14281		7000	8627	5000	4937	3000					6603	9000	13302	5000	8444	4931	7000	
凉山彝族自治州	3000	3000	5000	5000	5000	5000	7000					8309	3000	9800		5666	3000	9000	5000
陕西														3000					
遂宁			6164	17766	6837	4079	7901	9000		6000	7600	7040		8485	7000	7880	7625	7263	10128
泉州	6250	4080	6103	6224	4680	5787	7861	6549		5285	6776	6408	5222	11769	4111	6088	5954	6215	5048
河源		6200	6566	13810	4909	6520	15157	6600		6319	3000	7529	12500	20137	7000	6699	7634	9090	5547
平湖	1000	6666	11152	8833	8187	6000	9813	6642			7000	8224		23672		6347	7307	8142	5549
营口	3857	4100	4585	5149	5003	5175	5484	11025		9583	4339	6102	22131	10317	2634	4656	5006	7492	4811
保定	4076	5054	6722	5937	4800	4943	6905	6296	7414	4790	4838	5247	3851	6768	4366	4948	5396	6396	4660
那曲				12500			7000					8960		36702		6299	5000		4935
宜昌	5961	5000	6205	5308	6274	4465	7219	4679		5211	4879	5633	7000	12153	6994	4878	6025	5466	4400
七台河		3000	15705	22333	4584	7359	6686	5300		3344	5285	9413		19659	4000	5433	5684	7189	9166
滁州	4346		7251	11710	6935	5321	7079	6400	3000	5236	3560	7334		8164	4500	5124	6673	5388	4538
朔州	5000	3000	4058	12736	6898	6586	6069	4375		4846	10750	7151	9000	13843	5800	6159	8102	7992	7420
张家口	6866	6184	5172	9537	7311	5104	7725	5666	5000	4012	6142	6408		9230	3500	5995	7886	8485	5706
铜陵	1250	3727	6894	9343	7610	7076	8154	4777		12833	8294	7364	5071	10737	6857	4900	8028	7545	5444
长葛	3000	3000	5519	17901	5573	6475	7880	5666	7000	5000	17500	8713		10329	3000	5316	7361	9109	3200
怒江				7555	8272	4900	9117					8142	9000	13331		5265	7902	8407	3000
平凉			3000	5857	8128	5619	13911			6166	7000	7233		11114		5089	9075	7290	2277
益阳	5000	6043	10253	6838	7279	4539	6207	3661		5000	4888	6681	4578	11691	3153	5389	8177	9836	3617
北海		3846	6623	5634	5588	5895	8807	4000		6318	9000	6913	4333	14043	5200	5744	6022	6925	3976
双城		3000	12885	25863	4560	8044	5744	7750		5000		7278		21771	5000	5000	5386	7242	6333
宜春		4875	5850	5934	6679	4632	8863	3937	3000	4600	8727	6869	6294	11191	8151	5530	6819	7562	5257
杨凌	15833	3000	5025	10525	6893	5057	12407	3125		5850		7002	3000	10887		7955	5582	9413	6229
武威			10430	5769	7635	7111	6634	7800		7000		6738		12590		4163	7676	9175	4900
阿坝藏族羌族自治州			5000	5000	4500	5000	7000					7418		9390		6600	3000	9000	5000
山东				5000								5363					5000		
阳泉	5648	3000	7280	9521	7656	8444	6231	4981		3000	6045	7052	6333	11116	7000	6251	7698	8788	5848
咸阳	11500	4733	5042	6803	7636	5737	8953	3250		5857	12160	5836	9258	6955	5875	5444	5615	5740	6198
自贡		3000	6886	17076	7758	3936	6960	4714	12500	10000	6800	7679	7000	8300	8555	5542	8688	8008	8485
云浮	5000	5000	7085	8643	4927	6172	13325	5000	3000	30750		8455		17451		6627	7546	9083	5328
安顺		3909	7875	6878	7337	8076	12531			6531	3000	7113	5000	13088		7222	6909	5340	3500
丽江			11358	8984	3805	4709	7746	4789		3500	7666	6539	9000	13241	3000	4090	8130	7928	3095
北京	12249	8978	8861	8474	6271	7929	10432	7037	9782	7687	7770	8210	7894	8410	7490	9637	7194	6546	7646
拉萨		12500	9219	10228	9245	8137	8634	5000	5000	7000		9499	8272	19689	5000	6183	9842	13730	6324
峨眉			6314	20290	7250	5414	6670	4642				7917		12310		6064	8929	9846	10823
西安	7326	6944	6031	6658	5275	5176	6774	5241	6269	5238	5077	5130	5562	6937	4425	5693	4846	4412	5034
汉中	15714	3000	4964	10434	7827	5409	9231	3133		5320	5562	6697	3133	8219	6000	5702	6499	4258	6368
鹤山		8000	7250	11181	5577	5983	13095			27666		10067		5636	3000	6870	7980	7033	8900
西宁	5644	5000	7590	8578	6788	6299	8140	4870			6200	7285	5333	12281	3113	6032	8169	10964	5892
丽水	2750	6692	6250	6325	6067	5432	11569	6375		1500	9062	8140	10866	10611	8411	5406	6324	7589	4875
喀什	5000		7000	8819	3030	6404	15615				5000	7148	12500	10651	5000	8303	6413	5000	3666
驻马店	3000	4733	5331	5778	7367	4565	6439	5333	7000	5313	7858	6541	4600	7181	7021	5298	7217	7360	4926
玉树	12250		3000	5000		7000	8200					10060		15210		5494	5297	9000	
铜川	16458	3000	4540	10664	8576	4567	9098	3095		4916	7952	7802	3000	8673	7000	7138	7484	8824	7566
莱芜	5611	4090	6943	7127	7014	6513	8540	6460	6285	7250	5133	7708	15600	10090	5450	6415	7837	6695	5633
来宾		3000	8586	4693	4966	4819	7929					8176		13736		5189	6737	7909	4684
燕郊开发区		6750	7965	8924	6330	5886	6180	5348	5000	3938	6000	6289	7000	6120	7239	6606	6399	7279	6232
迪庆藏族自治州			9000	9000	7000							6793		16071		4000	7000	9000	
昭通	25000		7000	6080	7866	6524	13687	4454		3000		7823	7500	7486	12500	4651	9109	7406	3000
延边朝鲜族自治州		3000	4666	5785	4000	5375	4125	7500				5631		11586		5394	5392	5000	6000
达州	9000		7950	15412	7431	5356	6419	6333		8714	5000	7310	3000	8628	8942	5817	8319	9071	8235
英国					9000	16500						36590		25000		17500	5833		
酒泉	3000		8071	8007	6971	8774	11084					6637	6000	16515	3000	4739	6599	9291	5000
辽宁																1000	3000		
濮阳	3000	3000	5801	7283	7848	4398	6617	4909	5666	3800	8750	7655		7868	3437	6214	7552	7657	6681
新西兰				30833		12500								25000			5000		
芜湖	1909	7776	6518	7669	6704	4385	8536	4250	6636	6740	5861	5975	6625	10605	4885	5382	6813	6250	4504
汕尾		6714	9666	11173	5881	6076	14263			8285		8680		18279		6751	9824	9055	4845
阳江		7500	6076	7738	5108	5924	11135	5000		15270	5000	7846		10417	4333	6135	7045	5428	6404
希腊																	5000		17500
九江	3200	4177	5961	6179	6601	4964	9942	4416		4636	7166	5810	5731	10939	3193	5166	6564	7323	4500
海南州	3000		3000	4000	9000	7000	9000					9501		13415		5531	4384	9000	
抚州		3000	3472	5685	6503	4590	8570	4555		4142	3200	6651	6913	10534	3000	6042	6108	9156	4833
开原	1000		7384	8923	10957	6087	5129			9583	9000	7451	40000	14651	5000	5314	7368	5539	11970
广东			9000									12500							
澳大利亚						5681	50000		17500			7458		25000		17500	5000		17500
铁岭	3500		7444	9178	7286	5277	6892	6862		6735	5086	7030	15956	12813	3105	6025	5661	6190	7230
枣庄	4333	4411	7256	7555	6717	5541	7770	6579	6214	6439	5815	6856	17500	7295	4730	6176	6690	6963	3945
大理	25000	3588	6510	7595	3912	5552	11964			7000	5785	6766	9000	8399	6351	4572	6562	10480	3500
阿根廷						8500						3000					5000		
鹤岗		3000	11631	14043	7172	7805	6347	7750		3600	5000	8265		14420	6826	5478	7706	7843	8937
大同	8333	3250	5239	7471	8330	5396	7914	4736	3000	8391	5127	6479	9000	10993	4707	6798	8093	9468	4620
银川	7080	5000	6526	8054	6023	5176	7544	6395	5000	7712	6964	6240	3800	11687	4265	5424	5804	16378	5236
毕节	25000	3000	6646	7014	6617	8929	14521	12500		4217		6733	6500	10678	8750	6434	6328	6849	3765
武穴		7000	13631	5975	7240	3350	8783	3000		5978	3500	7688		6485	7000	5673	7144	7500	6041
株洲	8250	4777	5578	7070	6127	4865	7764	4936	5000	3900	6476	6184	4500	11022	3175	5575	6397	6511	4990
公安			17500	8825	6807	5117	9746	5000		12326	5000	8348		6066	7000	5385	8550	11000	7333
珠海	6712	6795	7034	8985	6312	6282	10485	6340	3888	19595	6057	7766	13135	9729	6150	8211	6971	9599	7285
万宁	1333		12340	6285	3285	6178	5666				9000	6794		11562	9000	5430	4111	4333	25000
延边	4471	3000	5081	6304	4194	6973	7933	10635	3000	7500		6377		8566	7500	5056	5496	4166	7745
和顺		3000	7071	15634	6494	5153	7728	2250		3000	10750	7451	9000	9532	7000	5719	7172	8912	4000
瑞典																	5000		
昆山	6913	3845	7155	7239	6128	6274	6586	5156	5431	7475	7441	6033	6250	8525	4408	5512	6279	7679	5390
吉林市	9734	11394	5810	6138	5084	4890	6375	5836	3020	5304	4525	5197	3974	6971	3732	4670	5175	5306	4990
阜新	1666	4272	4213	9453	6600	4565	6421	6666		4523	6615	6819	35888	12863	1857	5944	6756	7187	8027
俄罗斯联邦	17447			7000	8714				17500			12500		17500		9750	11346		9000
忻州	3000	3095	4794	8264	6954	3699	5338	3738		3000	4944	6959	9000	11995	5833	5543	7502	8745	8475
乌兰察布		7000	4115	3454	4756	10787	5229	3000		5424	5000	6331		8937		6239	4663	8350	7400
东方	1000		5448	5380	3000	6846	14000			2750		8245		12500		5842	5722		25000
巴中		5000	5731	15090	7973	5273	6345	5117		4277	7000	7012		8132	6333	6246	8504	9280	9732
张掖	3000	3000	4942	7207	8511	8166	8595	3000		5100		6229		11347		5152	7157	8800	5000
济源	4333	3222	6108	6578	6189	5663	6430	5940	6000	3705	13250	8175		11706	3000	5866	7743	8985	4000
乐东黎族自治县			3000	9000								7400				7000			
佳木斯	5000	3000	8902	8245	5423	6670	6218	15625		4273	4166	7403		9990	4333	5305	6888	6964	7205
巴音郭楞蒙古自治州	1562		7000	8000			1000					6319		12111		5400	4600	7000	5000
广德	1285		7305	6142	8489	5338	8654	5400			3000	8353		23666	3857	7492	9647	5333	6000
泰州	7000	6451	6185	8437	5475	4845	8495	4266	6666	9101	6774	6500	7583	10063	6710	5491	5853	5877	4865
思茅			8000	11727	4176	5500	8022	3000		6000		7781	8000	13641		4897	9475	8224	3000
韶关	3000	3684	5766	7282	5301	5348	17024	4423		12387	5764	7380	21000	9774	6428	7216	7845	6780	4908
淄博	6909	3662	4849	5568	5140	5292	7763	5564	7000	4585	5812	5476	8473	7256	3896	5285	5794	7270	4574
西双版纳傣族自治州	3000		9958	14937	5000	3000	5000			3000		7051		13166		4000	6250	9000	
天津	10390	7948	6916	6363	4769	5412	7198	5325	6647	5729	5827	5387	5454	6868	4897	5539	5196	5189	5636
江西							3000												
方家山	1000	6636	12208	6600	8022	6200	10705	6176				10199		36625		6185	6152	8300	4250
神农架	1347		17500	7065	7125	4428	10044	4000		17500	5000	8162		6469	7000	5464	9230	5700	5214
鄂尔多斯	7802	4350	5870	6929	5603	8584	7725	9447		9000	5000	6415	5160	12169	5000	6305	5673	12596	5743
永济市		3000	7071	23888	7024	5035	7541	2500		3000	9000	7915	9000	17533	7000	5693	7582	8625	6750
南平	12500		4892	5909	5037	5065	10805	4681	3000	3000	5000	7486		16522	5764	5854	5503	6818	3791
河池		3000	9000	5452	6489	4912	7786	3000		3000		8099		12774	5000	4522	9123	8310	3800
黄山	1214		6032	11625	7687	5701	9696	5304	3000	3451	7105	7057		7288	3800	4789	7515	5933	3866
唐山	4416	4910	7483	7369	6047	4461	7638	6049	6636	4612	7621	5873	4700	7524	3433	5640	6187	6306	5525
白山	4554	4384	7808	9112	4286	7063	7243	5000	3000	10000	3823	7004		13325	9000	5031	5527	5107	6875
蚌埠	1250	5000	6993	6116	7100	5027	7970	4608	3000	4107	5581	6262	9000	10212	6409	4830	7014	8007	7895
南昌	4692	7970	5942	6708	6228	5177	7722	6109	7994	6382	6659	5552	5351	8600	5108	5088	5370	5372	5343
恩施土家族苗族自治州			4333	8444	8357	5888	7000				5000	6277		8200		5857	3500	8000	9000
昌江黎族自治县			3000	4500	3000		5000					7666				7000	6000		
洋浦市/洋浦经济开发区	1000		3000	8375	5000	6217	6794					8353	5000	12500	6333	5625	5239	5000	25000
锡林郭勒盟	7127	7000	4538	6804	7420	6096	5800	5000		7444	5000	6599	4333	12034		5635	6313	9258	6818
鄂州		3000	6154	8215	7250	5578	8150	4333		8421	3125	8439	5000	12835	6714	6340	7583	8136	5692
兖州	4500	3000	8593	5982	5157	4765	6900	15772	7000	9500	5400	6898		15715	3000	5780	6452	7300	3000
宣城	1250	3222	6861	7691	7210	5172	6776	5615		10068	5000	7410	13250	10482	3857	5383	7353	6000	3521
兴安盟		7000	4764	4637	7340	8325	5761			4760	4078	6439		8338		5437	6149	7425	7200
滨州	4333	4724	5284	6170	5976	6226	8320	7396	7827	5274	5563	6585	9809	8699	4433	6001	6605	7532	5080
徐州	4673	4071	7693	7031	6121	4905	6250	5523	4833	6735	6109	5311	4850	9509	4490	4975	5758	6565	4923
阿克苏	5000		7000	8188		3551	18555					6041		12369	5000	7388	5075	7000	3000
慈溪	1000	12000	6076	13375	5360	6607	11500	5666				8538		21618	5000	6972	7355	8288	6393
巢湖	5357		10788	10121	6733	5880	9464	5090	3000		3000	7829	17500	8446	4000	4943	7488	5615	3909
瑞士					9000				17500					50000			5000		5000
南阳	3000	3750	5478	6029	7080	4220	6287	5280	5500	5194	7186	6173	5000	8974	3455	5660	6879	7134	4557
红河哈尼族彝族自治州			9000	7666	5000		4000				6000	6000		13112		5000	4888	9000	
巴彦淖尔	6250	7000	6375	7000	5197	6050	6400	3214	5000	3875	5000	6317		11823	3000	5173	5038	8777	6500
玉树藏族自治州				9000								7048		18600		5800	5000	9000	
惠州	3000	7797	8325	6368	4782	5486	9771	3000	7957	13888	6131	6530	6012	12865	4303	6110	6651	11051	4854
果洛藏族自治州				9000								7500		17000		5800	5000	9000	
百色		6428	8939	7039	6189	5100	7590	12500		3470	6750	7682		12665	5000	5220	7953	8222	3800
象山	1000	6666	8809	7000	9162	5054	9000	6250				9342		34338		6656	6202	6880	4636
阿拉善盟	1000	7000	5941	6181	6629	6782	5000				5000	7187		12723		5520	5216	9000	7666
长春	4402	5270	5637	5457	4825	5132	7372	5511	4016	5542	5342	5378	5257	6485	4756	5058	4941	5035	4882
琼中	1000		3800	7500	3000	6692	4000	12500				8906		12500		5042	7000		25000
哈密	24583	13333	6333	7984		4521	22357					7719		11333	5000	7943	7733	7000	
克孜勒苏	5000	25000		9722		5222						7193		17964	5000	8364	5045	7000	
眉山		3363	8540	14900	6370	4758	8005	4111		3173	3000	6567	4846	7488	8090	5282	6422	7040	6508
白沙	1000		4794	3000	3000	11200	7750					7772		12500		5127	7000		25000
嘉兴	3666	7161	5651	7445	6298	6136	11266	5728	3000	14480	5000	7098	9284	10921	4875	7057	6436	6628	6658
凤阳	2479		10076	6000	9180	5615	6587	5500		3000		8040		21449	3857	6157	9120	5615	3480
克拉玛依	5066	12500	8571	7826	5000	4784	11021		17500	5000		6599	3000	15981	5000	7784	5673	7042	6384
宝鸡	11481	3000	5587	7312	7728	5523	7967	3850	5000	6000	7454	6630	3153	9456	4135	6673	6323	7771	6547
保亭黎族苗族自治县			3500	6000						3000		7250				7000			
巴音郭楞	1458	27272	4090	7333	3918	3250	10976			5000		6812		9636		7444	4933	7000	3666
盐城	7000	6032	6940	8241	6269	4989	8831	3516	5888	8870	4823	6226	5817	8607	4081	5148	5782	6812	4473
法国					9000	9000			17500			25000					9090		10818
上虞	1000	6333	4858	7333	8061	5888	10274	6200		3000	9000	8734		26351		6323	5602	8770	3250
白银			8421	8166	6725	6839	6892	4714				6582		12858	3000	5919	8442	8225	4111
秦皇岛	5000	5688	5420	6448	6399	8978	5847	6402	6680	5378	6375	6335	6595	9125	8320	5813	6110	6993	5550
湖南												12500							
天门			9984	7298	7169	4843	8805	3000		11839	4000	7404		10333	7000	5344	7428	6541	5500
启东		5666	7434	9626	8062	5950	9891	1500			4913	7229	5461	16557	8970	7976	5970	7833	8445
黄岛	5000	3000	6500	8000	5225	5751	10349	11200	9000	7000	5400	6162		21507	3400	5187	6856	6193	3812
昌都			5000	7428	9000	9000	8833					9194		24858		6411	3285		4936
赤峰	11500	3133	5136	4448	6345	7692	6697	6431		4702	5095	6019	3000	7173	4000	5695	6253	7136	7125
沧州	4480	4869	4686	7365	4917	4384	6456	4156	6375	5432	4784	5790	13000	6132	4011	5398	6232	7179	4916
乳山	4333	3000	7312	6676	5977	6066	8537	16650	9000	5000	5235	8255		21641	3000	5820	6881	7712	5076
南京	10948	7642	7725	7476	5363	5735	8672	5875	6817	6117	5606	6019	9282	8000	5450	6941	5532	5439	5534
舟山	1000	4214	5612	7473	9060	5988	9362	6125		12500		7942	10608	15868	7235	6145	7724	8296	7937
郑州	5108	4911	6914	6109	4879	5485	7448	4968	4920	6014	5916	5505	6227	6801	5202	5528	4913	5552	4819
宁德	20833	3250	6539	6030	4299	4562	8254	6043	3000	5000	5900	7991	11666	16982	5097	6382	7535	7521	4320
波兰																	5000		
满洲里		7000	5631	9000	7096	4685	14071				4750	8758		18666		5670	5770	8750	7222
